dog.jpg 0.42787699999999995 0.17600000000000002 0.609401 0.352 0
dog.jpg 0.42787699999999995 0.17600000000000002 0.609401 0.352 0
dog.jpg 0.42787699999999995 0.17600000000000002 0.609401 0.352 0
dog.jpg 0.42787699999999995 0.17600000000000002 0.609401 0.352 0
dog.jpg 0.42787699999999995 0.17600000000000002 0.609401 0.352 0
dog.jpg 0.42787699999999995 0.17600000000000002 0.609401 0.352 0
dog.jpg 0.42787699999999995 0.17600000000000002 0.609401 0.352 0
dog.jpg 0.42787699999999995 0.17600000000000002 0.609401 0.352 0
dog.jpg 0.42787699999999995 0.17600000000000002 0.609401 0.352 0
dog.jpg 0.42787699999999995 0.17600000000000002 0.609401 0.352 0
dog.jpg 0.42787699999999995 0.17600000000000002 0.609401 0.352 0
dog.jpg 0.42787699999999995 0.17600000000000002 0.609401 0.352 0
dog.jpg 0.42787699999999995 0.17600000000000002 0.609401 0.352 0
dog.jpg 0.42787699999999995 0.17600000000000002 0.609401 0.352 0
dog.jpg 0.42787699999999995 0.17600000000000002 0.609401 0.352 0
dog.jpg 0.42787699999999995 0.17600000000000002 0.609401 0.352 0